0.00033672
0.000402624
0.000468528
0.000531716
0.000525129
0.000572427
0.000619725
0.000347031
0.000433557
0.000520083
0.000606609
0.000693135
0.000779661
0.000866187
0.000952713
0.00103924
0.00112576
0.00121229
0.00128891
0.0012966
0.00137869
0.00146078
0.00154287
0.00162496
0.00170705
0.00178915
0.00186254
0.00186128
0.00191433
0.00195826
0.00200219
0.00205003
0.00210176
0.00215349
0.00220523
0.00225696
0.00204385
0.00208322
0.0021226
0.00192385
0.00198683
0.0020498
0.00211278
0.00217575
0.00224073
0.00230771
0.00237469
0.0024301
0.00247393
0.00251777
0.00243283
0.00248213
0.00253142
0.00258072
0.00263001
0.00223366
0.00228652
0.00233938
0.00239223
0.00244509
0.00248724
0.00248778
0.00252029
0.00255281
0
0
0
0
0
0.00034472
0.000426624
0.000508527
0.000590431
0.000672335
0.000745523
0.000809995
0.000874467
0.00093894
0.00100341
0.00106788
0.00113236
0.00119683
0.0012613
0.00132093
0.00137029
0.00137375
0.00142463
0.0014755
0.00132022
0.00136607
0.00141884
0.00139848
0.00142495
0.00145142
0.0013793
0.00144411
0.00150892
0.00157256
0.00163504
0.00169752
0.00176
0.00182248
0.00155959
0.00159612
0.00163265
0.00167442
0.00171995
0.00172909
0.00179142
0.00185374
0.00191607
0.00197839
0.00204072
0.00210305
0.00168584
0.00175569
0.00182555
0.00189541
0.00196526
0.00202281
0.00206805
0.0021133
0.00203298
0.00209856
0.00216414
0.000734567
0.000777128
0.000819688
0.000753142
0.000832852
0.000912562
0.000992272
0.00107198
0.00115169
0.0012314
0.00131111
0.00139082
0.00144228
0.00147856
0.00151108
0.00153571
0.00160712
0.00168502
0.00176291
0.00184081
0.0019187
0.0019966
0.00207449
0.00147014
0.00152054
0.00158883
0.00165712
0.00172541
0.0017937
0.00185048
0.00186768
0.00194735
0.00202703
0.00151067
0.00155923
0.00160778
0.00164894
0.00165818
0.00145055
0.00150771
0.00158226
0.00165681
0.00173136
0.00180591
0.00188046
0.00195501
0.00202956
0.00210411
0.00149827
0.00155394
0.0016096
0.00166527
0.00172094
0
0
0
0
0
0
0
0
0
0
0
0
0
0
0
0
0
0
0
0
0
0
0
0
0
0
0
0
0
0
0
0
0
0
0
0
0
0
0
0
0
0
0

