14.3122
28.3605
42.4089
55.878
54.4741
64.5562
74.6383
16.5101
34.9542
53.3983
71.8425
90.2866
108.731
127.175
145.619
164.063
182.507
200.951
217.283
218.923
236.422
253.92
271.419
288.918
306.417
323.915
339.56
339.292
350.601
359.965
369.329
379.525
390.553
401.581
412.608
423.636
378.208
386.602
394.995
352.63
366.054
379.478
392.901
406.325
420.176
434.454
448.732
460.543
469.887
479.231
461.125
471.633
482.141
492.649
503.156
418.67
429.937
441.204
452.471
463.738
472.722
472.837
479.769
486.7
0
0
0
0
0
16.0175
33.4763
50.9351
68.394
85.8528
101.454
115.197
128.94
142.683
156.426
170.169
183.912
197.655
211.398
224.109
234.63
235.369
246.214
257.058
223.957
233.732
244.98
240.641
246.283
251.925
236.551
250.366
264.181
277.747
291.066
304.384
317.703
331.021
274.982
282.768
290.555
299.46
309.165
311.113
324.399
337.685
350.97
364.256
377.542
390.827
301.894
316.785
331.675
346.566
361.457
373.724
383.368
393.013
375.892
389.871
403.85
99.1184
108.191
117.263
103.078
120.069
137.06
154.051
171.043
188.034
205.025
222.016
239.007
249.976
257.71
264.642
269.892
285.115
301.719
318.323
334.928
351.532
368.136
384.74
255.914
266.658
281.215
295.772
310.329
324.886
336.99
340.656
357.639
374.623
264.555
274.905
285.255
294.03
295.998
251.74
263.923
279.814
295.706
311.597
327.488
343.38
359.271
375.162
391.053
261.911
273.777
285.644
297.51
309.377
0
0
0
0
0
0
0
0
0
0
0
0
0
0
0
0
0
0
0
0
0
0
0
0
0
0
0
0
0
0
0
0
0
0
0
0
0
0
0
0
0
0
0

