0.000253201
0.000285627
0.000318052
0.000349141
0.0003459
0.000369171
0.000392442
0.000258274
0.000300846
0.000343418
0.000385989
0.000428561
0.000471132
0.000513704
0.000556276
0.000598847
0.000641419
0.00068399
0.000721686
0.000725471
0.000765861
0.00080625
0.00084664
0.000887029
0.000927419
0.000967809
0.00100392
0.0010033
0.0010294
0.00105102
0.00107263
0.00109616
0.00112162
0.00114707
0.00117252
0.00119798
0.00109312
0.0011125
0.00113187
0.00103409
0.00106507
0.00109605
0.00112704
0.00115802
0.00118999
0.00122295
0.0012559
0.00128316
0.00130473
0.0013263
0.00128451
0.00130876
0.00133301
0.00135727
0.00138152
0.00118652
0.00121252
0.00123853
0.00126453
0.00129054
0.00131128
0.00131154
0.00132754
0.00134354
0
0
0
0
0
0.000257137
0.000297435
0.000337732
0.00037803
0.000418327
0.000454336
0.000486057
0.000517778
0.000549499
0.00058122
0.000612941
0.000644662
0.000676383
0.000708104
0.00073744
0.000761727
0.000763432
0.000788463
0.000813493
0.00073709
0.000759652
0.000785615
0.000775599
0.000788621
0.000801644
0.00076616
0.000798046
0.000829933
0.000861247
0.000891987
0.000922728
0.000953469
0.00098421
0.000854863
0.000872836
0.000890809
0.000911361
0.000933762
0.00093826
0.000968925
0.00099959
0.00103026
0.00106092
0.00109159
0.00112225
0.00091698
0.00095135
0.00098572
0.00102009
0.00105446
0.00108277
0.00110503
0.00112729
0.00108778
0.00112004
0.00115231
0.000448946
0.000469886
0.000490826
0.000458085
0.000497303
0.000536521
0.000575739
0.000614957
0.000654175
0.000693393
0.000732611
0.000771829
0.000797146
0.000814998
0.000830997
0.000843116
0.000878252
0.000916577
0.000954901
0.000993226
0.00103155
0.00106988
0.0011082
0.000810853
0.000835651
0.00086925
0.00090285
0.00093645
0.000970049
0.000997987
0.00100645
0.00104565
0.00108485
0.000830796
0.000854686
0.000878576
0.000898828
0.000903371
0.000801218
0.000829338
0.000866017
0.000902697
0.000939376
0.000976055
0.00101273
0.00104941
0.00108609
0.00112277
0.000824693
0.000852083
0.000879473
0.000906862
0.000934252
0
0
0
0
0
0
0
0
0
0
0
0
0
0
0
0
0
0
0
0
0
0
0
0
0
0
0
0
0
0
0
0
0
0
0
0
0
0
0
0
0
0
0

